$ANSIBLE_VAULT;1.1;AES256
62393531313634656435323733653063646533666163663836623164393431643931333862316438
3266613938386235393535666562666564343133373735300a316265306330633431306235333031
61643163653764396132643136323064653436333866376133663364316333333066353336306266
3365373164313239660a663466646531623464653966373266383238656465323030303739643330
37646630343639333335303638613934653766643939316238626131653663303662373135323339
36353839343736636462376338323634373161626464353038636430353936663866383137626361
37396331663431353330616661386239363131323638366666633539313430333032633963656565
33323535343037663636333236353661666330336539363431343339653730333231383465633162
34333734623932383162303732656431383366383433396334353339656664373234303265623136
32326134613462323639396134393136333533646563616335363265656464656465613034323463
63356266353865623561653035306566363265383339633537646231633563616131386434326563
39346634356561636634383337656161393965306232646665353739303933363834373363313037
61623262383033366265303162353661636439343632396235623765346265356438303065336337
66376162396232323534303163343938306631303566376637343361346234636634646564393761
37653435656366333365363863313565613137663936636163346234346138333035326335393136
37396430306434626566
